version 3
run General-0-20241216-15:08:44-16072
attr configname General
attr datetime 20241216-15:08:44
attr datetimef 20241216-150844
attr experiment General
attr inifile D:/jobSimQt/project/Parameters.ini
attr iterationvars ""
attr iterationvarsd ""
attr iterationvarsf ""
attr measurement ""
attr network TargetNetwork
attr processid 16072
attr repetition 0
attr replication #0
attr resultdir results
attr runnumber 0
attr seedset 0
config network TargetNetwork
config sim-time-limit 1.5s
config **.statistic-recording false
config *.*.ethernet.typename EthernetLayer
config *.*.eth[*].typename LayeredEthernetInterface
config *.*.eth[*].bitrate 100Mbps
config **.eth[*].queue.typename DropTailQueue
config **.eth[*].queue.packetCapacity 20
config **.forwarding false
config **.arp.retryTimeout 1s
config **.arp.retryCount 3
config **.arp.cacheTimeout 100s
config **.tcp.tcpAlgorithmClass "\"TcpReno\""
config **.tcp.typename Tcp
config **.tcp.advertisedWindow 65535
config **.tcp.delayedAcksEnabled false
config **.tcp.nagleEnabled true
config **.tcp.limitedTransmitEnabled false
config **.tcp.increasedIWEnabled false
config **.tcp.sackSupport false
config **.tcp.windowScalingSupport false
config **.tcp.timestampSupport false
config **.tcp.mss 1452
config *.configurator.config "xml(\"<config>\\n\" + \"<interface hosts='udp_tcp' address='192.168.0.1' netmask='255.255.255.x'/>\\n\" + \"<interface hosts='udp_tcp2' address='192.168.0.2' netmask='255.255.255.x'/>\\n\" + \"</config>\")"
config *.udp_tcp.numApps 1
config *.udp_tcp.app[0].typename TcpClientApp
config *.udp_tcp.app[0].io.connectAddress "\"udp_tcp2\""
config *.udp_tcp.app[0].io.connectPort 1000
config *.udp_tcp.app[0].source.packetLength 1000B
config *.udp_tcp.app[0].source.productionInterval exponential(1ms)
config *.udp_tcp.app[0].source.periodX [50ms,100ms,100ms,100ms,10ms]
config *.udp_tcp.app[0].source.activeX [10ms,50ms,60ms,40ms,10ms]
config *.udp_tcp2.numApps 1
config *.udp_tcp2.app[0].typename TcpSinkApp
config *.udp_tcp2.app[0].localPort 1000
config *.udp_tcp2.app[0].flowName "\"default\""
config *.switch.eth[*].bitrate 100Mbps
config *.switch.eth[0].bitrate 100Mbps
config *.switch.eth[1].bitrate 100Mbps

vector 0 TargetNetwork.udp_tcp.eth[0].macLayer.queue 615.udp_tcp.eth[0].macLayer.queue ETV
vector 1 TargetNetwork.switch.eth[1].macLayer.queue 615.switch.eth[1].macLayer.queue ETV
vector 2 TargetNetwork.udp_tcp2.eth[0].macLayer.queue 615.udp_tcp2.eth[0].macLayer.queue ETV
vector 3 TargetNetwork.switch.eth[0].macLayer.queue 615.switch.eth[0].macLayer.queue ETV
vector 4 TargetNetwork.udp_tcp2.tcp.conn-0 default.TcpReceiveQueue ETV
vector 5 TargetNetwork.udp_tcp2.app[0] default ETV
vector 6 TargetNetwork.udp_tcp2.app[0] default_loss ETV
0	10	0	0.01
0	11	0	0
0	41	0.00002304	0.01
0	42	0.00002304	0
0	82	0.000795874505	0.01
0	83	0.000795874505	0
0	118	0.001694434893	0.01
0	119	0.001694434893	0
0	154	0.002950365651	0.01
0	155	0.002950365651	0
0	190	0.004809969863	0.01
0	191	0.004809969863	0
0	226	0.005733192994	0.01
0	227	0.005733192994	0
0	262	0.00768473833	0.01
0	263	0.00768473833	0
0	298	0.00847193947	0.01
0	299	0.00847193947	0
0	335	0.05	0.01
0	336	0.05	0
0	371	0.050551048487	0.01
0	372	0.050551048487	0
0	407	0.051528054913	0.01
0	408	0.051528054913	0
0	443	0.052566214214	0.01
0	444	0.052566214214	0
0	479	0.053051342378	0.01
0	480	0.053051342378	0
0	515	0.053626861575	0.01
0	516	0.053626861575	0
0	551	0.053980020714	0.01
0	552	0.053980020714	0
0	587	0.056203545136	0.01
0	588	0.056203545136	0
0	621	0.056385625136	0.01
0	622	0.056385625136	0
0	659	0.059576842085	0.01
0	660	0.059576842085	0
0	695	0.059895198226	0.01
0	696	0.059895198226	0
0	731	0.060378800331	0.01
0	732	0.060378800331	0
0	767	0.061028246679	0.01
0	768	0.061028246679	0
0	803	0.062597142797	0.01
0	804	0.062597142797	0
0	839	0.064269353997	0.01
0	840	0.064269353997	0
0	875	0.06502202811	0.01
0	876	0.06502202811	0
0	911	0.065675910677	0.01
0	912	0.065675910677	0
0	947	0.06651534353	0.01
0	948	0.06651534353	0
0	983	0.067014215539	0.01
0	984	0.067014215539	0
0	1019	0.069612469625	0.01
0	1020	0.069612469625	0
0	1055	0.071420838889	0.01
0	1056	0.071420838889	0
0	1089	0.071602918889	0.01
0	1090	0.071602918889	0
0	1127	0.07190610224	0.01
0	1128	0.07190610224	0
0	1161	0.07208818224	0.01
0	1162	0.07208818224	0
0	1199	0.073041875774	0.01
0	1200	0.073041875774	0
0	1233	0.073223955774	0.01
0	1234	0.073223955774	0
0	1271	0.073521549499	0.01
0	1272	0.073521549499	0
0	1307	0.075309037162	0.01
0	1308	0.075309037162	0
0	1343	0.078459207091	0.01
0	1344	0.078459207091	0
0	1379	0.07996499135	0.01
0	1380	0.07996499135	0
0	1413	0.08014707135	0.01
0	1414	0.08014707135	0
0	1451	0.082156536462	0.01
0	1452	0.082156536462	0
0	1487	0.084197428678	0.01
0	1488	0.084197428678	0
0	1523	0.088042650547	0.01
0	1524	0.088042650547	0
0	1559	0.08868435972	0.01
0	1560	0.08868435972	0
0	1595	0.090289599277	0.01
0	1596	0.090289599277	0
0	1631	0.091903601352	0.01
0	1632	0.091903601352	0
0	1667	0.092522530812	0.01
0	1668	0.092522530812	0
0	1703	0.093257495233	0.01
0	1704	0.093257495233	0
0	1739	0.094774031207	0.01
0	1740	0.094774031207	0
0	1775	0.095909970149	0.01
0	1776	0.095909970149	0
0	1809	0.096092050149	0.01
0	1810	0.096092050149	0
0	1847	0.09731107226	0.01
0	1848	0.09731107226	0
0	1883	0.098332504134	0.01
0	1884	0.098332504134	0
0	1919	0.099204825329	0.01
0	1920	0.099204825329	0
0	1953	0.099386905329	0.01
0	1954	0.099386905329	0
0	1992	0.15	0.01
0	1993	0.15	0
0	2028	0.152894420478	0.01
0	2029	0.152894420478	0
0	2064	0.154315785158	0.01
0	2065	0.154315785158	0
0	2100	0.15505361245	0.01
0	2101	0.15505361245	0
0	2134	0.15523569245	0.01
0	2135	0.15523569245	0
0	2172	0.155701124331	0.01
0	2173	0.155701124331	0
0	2208	0.156342819033	0.01
0	2209	0.156342819033	0
0	2244	0.156650099385	0.01
0	2245	0.156650099385	0
0	2280	0.156856302667	0.01
0	2281	0.156856302667	0
0	2316	0.158344557493	0.01
0	2317	0.158344557493	0
0	2352	0.159679847678	0.01
0	2353	0.159679847678	0
0	2388	0.160288930101	0.01
0	2389	0.160288930101	0
0	2424	0.160532978592	0.01
0	2425	0.160532978592	0
0	2460	0.161373313298	0.01
0	2461	0.161373313298	0
0	2476	0.161537559894	0.01
0	2477	0.161537559894	0
0	2530	0.161791959894	0.01
0	2531	0.161791959894	0
0	2568	0.161929330705	0.01
0	2569	0.161929330705	0
0	2604	0.162890711644	0.01
0	2605	0.162890711644	0
0	2638	0.163072791644	0.01
0	2639	0.163072791644	0
0	2676	0.16399984481	0.01
0	2677	0.16399984481	0
0	2712	0.164251286742	0.01
0	2713	0.164251286742	0
0	2748	0.165210834719	0.01
0	2749	0.165210834719	0
0	2784	0.165699391768	0.01
0	2785	0.165699391768	0
0	2820	0.168577306789	0.01
0	2821	0.168577306789	0
0	2856	0.170906220163	0.01
0	2857	0.170906220163	0
0	2892	0.172051359118	0.01
0	2893	0.172051359118	0
0	2928	0.172649105195	0.01
0	2929	0.172649105195	0
0	2964	0.17309462369	0.01
0	2965	0.17309462369	0
0	3000	0.174044118273	0.01
0	3001	0.174044118273	0
0	3036	0.17461865068	0.01
0	3037	0.17461865068	0
0	3072	0.176945001742	0.01
0	3073	0.176945001742	0
0	3108	0.178141109541	0.01
0	3109	0.178141109541	0
0	3124	0.178307786057	0.01
0	3125	0.178307786057	0
0	3178	0.178562186057	0.01
0	3179	0.178562186057	0
0	3216	0.181807999741	0.01
0	3217	0.181807999741	0
0	3252	0.182906912209	0.01
0	3253	0.182906912209	0
0	3288	0.18396574634	0.01
0	3289	0.18396574634	0
0	3324	0.185076343786	0.01
0	3325	0.185076343786	0
0	3360	0.185263769852	0.01
0	3361	0.185263769852	0
0	3396	0.185499976558	0.01
0	3397	0.185499976558	0
0	3432	0.185943380587	0.01
0	3433	0.185943380587	0
0	3466	0.186125460587	0.01
0	3467	0.186125460587	0
0	3504	0.187470451965	0.01
0	3505	0.187470451965	0
0	3540	0.187849413929	0.01
0	3541	0.187849413929	0
0	3576	0.188785475489	0.01
0	3577	0.188785475489	0
0	3612	0.189237577549	0.01
0	3613	0.189237577549	0
0	3648	0.189630690106	0.01
0	3649	0.189630690106	0
0	3684	0.1904751179	0.01
0	3685	0.1904751179	0
0	3718	0.1906571979	0.01
0	3719	0.1906571979	0
0	3756	0.191091625367	0.01
0	3757	0.191091625367	0
0	3792	0.192097496372	0.01
0	3793	0.192097496372	0
0	3828	0.196551993218	0.01
0	3829	0.196551993218	0
0	3864	0.19974493986	0.01
0	3865	0.19974493986	0
0	3898	0.19992701986	0.01
0	3899	0.19992701986	0
0	3936	0.200910401381	0.01
0	3937	0.200910401381	0
0	3972	0.2011447029	0.01
0	3973	0.2011447029	0
0	4008	0.202152722145	0.01
0	4009	0.202152722145	0
0	4042	0.202334802145	0.01
0	4043	0.202334802145	0
0	4080	0.20768873604	0.01
0	4081	0.20768873604	0
0	4116	0.208747478755	0.01
0	4117	0.208747478755	0
0	4152	0.209619394609	0.01
0	4153	0.209619394609	0
0	4188	0.209911475142	0.01
0	4189	0.209911475142	0
0	4225	0.25	0.01
0	4226	0.25	0
0	4261	0.250627941581	0.01
0	4262	0.250627941581	0
0	4297	0.251271722583	0.01
0	4298	0.251271722583	0
0	4333	0.251551999591	0.01
0	4334	0.251551999591	0
0	4369	0.252528863665	0.01
0	4370	0.252528863665	0
0	4403	0.252710943665	0.01
0	4404	0.252710943665	0
0	4441	0.253114492351	0.01
0	4442	0.253114492351	0
0	4475	0.253296572351	0.01
0	4476	0.253296572351	0
0	4513	0.254354616063	0.01
0	4514	0.254354616063	0
0	4549	0.25542268826	0.01
0	4550	0.25542268826	0
0	4585	0.255804244103	0.01
0	4586	0.255804244103	0
0	4619	0.255986324103	0.01
0	4620	0.255986324103	0
0	4657	0.257459591705	0.01
0	4658	0.257459591705	0
0	4693	0.257678472302	0.01
0	4694	0.257678472302	0
0	4729	0.260665662194	0.01
0	4730	0.260665662194	0
0	4765	0.261125676152	0.01
0	4766	0.261125676152	0
0	4801	0.262211945533	0.01
0	4802	0.262211945533	0
0	4837	0.263932277191	0.01
0	4838	0.263932277191	0
0	4853	0.264048086651	0.01
0	4854	0.264048086651	0
0	4907	0.264302486651	0.01
0	4908	0.264302486651	0
0	4945	0.265023188585	0.01
0	4946	0.265023188585	0
0	4981	0.266843007504	0.01
0	4982	0.266843007504	0
0	5017	0.26796282187	0.01
0	5018	0.26796282187	0
0	5051	0.26814490187	0.01
0	5052	0.26814490187	0
0	5089	0.271637445017	0.01
0	5090	0.271637445017	0
0	5125	0.275386476477	0.01
0	5126	0.275386476477	0
0	5161	0.277491797778	0.01
0	5162	0.277491797778	0
0	5197	0.278124134374	0.01
0	5198	0.278124134374	0
0	5233	0.278836717967	0.01
0	5234	0.278836717967	0
0	5269	0.282598645252	0.01
0	5270	0.282598645252	0
0	5303	0.282780725252	0.01
0	5304	0.282780725252	0
0	5341	0.283584450675	0.01
0	5342	0.283584450675	0
0	5377	0.284184397562	0.01
0	5378	0.284184397562	0
0	5413	0.285528642834	0.01
0	5414	0.285528642834	0
0	5422	0.285588809261	0.01
0	5430	0.285614882834	0
0	5483	0.285869282834	0.01
0	5484	0.285869282834	0
0	5521	0.28617168765	0.01
0	5522	0.28617168765	0
0	5557	0.286504097891	0.01
0	5558	0.286504097891	0
0	5594	0.35	0.01
0	5595	0.35	0
0	5628	0.35018208	0.01
0	5629	0.35018208	0
0	5666	0.350573476227	0.01
0	5667	0.350573476227	0
0	5702	0.350924652316	0.01
0	5703	0.350924652316	0
0	5738	0.3515802986	0.01
0	5739	0.3515802986	0
0	5772	0.3517623786	0.01
0	5773	0.3517623786	0
0	5810	0.352873560763	0.01
0	5811	0.352873560763	0
0	5846	0.353256261712	0.01
0	5847	0.353256261712	0
0	5882	0.355380498909	0.01
0	5883	0.355380498909	0
0	5918	0.355915383285	0.01
0	5919	0.355915383285	0
0	5954	0.358419295068	0.01
0	5955	0.358419295068	0
0	5988	0.358601375068	0.01
0	5989	0.358601375068	0
0	6024	0.358783455068	0.01
0	6025	0.358783455068	0
0	6062	0.359909177444	0.01
0	6063	0.359909177444	0
1	15	0.00000576	0.01
1	16	0.00000576	0
1	48	0.00010832	0.01
1	49	0.00010832	0
1	87	0.000881154505	0.01
1	88	0.000881154505	0
1	123	0.001779714893	0.01
1	124	0.001779714893	0
1	159	0.003035645651	0.01
1	160	0.003035645651	0
1	195	0.004895249863	0.01
1	196	0.004895249863	0
1	231	0.005818472994	0.01
1	232	0.005818472994	0
1	267	0.00777001833	0.01
1	268	0.00777001833	0
1	303	0.00855721947	0.01
1	304	0.00855721947	0
1	340	0.05008528	0.01
1	341	0.05008528	0
1	376	0.050636328487	0.01
1	377	0.050636328487	0
1	412	0.051613334913	0.01
1	413	0.051613334913	0
1	448	0.052651494214	0.01
1	449	0.052651494214	0
1	484	0.053136622378	0.01
1	485	0.053136622378	0
1	520	0.053712141575	0.01
1	521	0.053712141575	0
1	556	0.054065300714	0.01
1	557	0.054065300714	0
1	595	0.056288825136	0.01
1	596	0.056288825136	0
1	628	0.056470905136	0.01
1	629	0.056470905136	0
1	664	0.059662122085	0.01
1	665	0.059662122085	0
1	700	0.059980478226	0.01
1	701	0.059980478226	0
1	736	0.060464080331	0.01
1	737	0.060464080331	0
1	772	0.061113526679	0.01
1	773	0.061113526679	0
1	808	0.062682422797	0.01
1	809	0.062682422797	0
1	844	0.064354633997	0.01
1	845	0.064354633997	0
1	880	0.06510730811	0.01
1	881	0.06510730811	0
1	916	0.065761190677	0.01
1	917	0.065761190677	0
1	952	0.06660062353	0.01
1	953	0.06660062353	0
1	988	0.067099495539	0.01
1	989	0.067099495539	0
1	1024	0.069697749625	0.01
1	1025	0.069697749625	0
1	1063	0.071506118889	0.01
1	1064	0.071506118889	0
1	1096	0.071688198889	0.01
1	1097	0.071688198889	0
1	1132	0.07199138224	0.01
1	1133	0.07199138224	0
1	1168	0.07217346224	0.01
1	1169	0.07217346224	0
1	1207	0.073127155774	0.01
1	1208	0.073127155774	0
1	1240	0.073309235774	0.01
1	1241	0.073309235774	0
1	1276	0.073606829499	0.01
1	1277	0.073606829499	0
1	1312	0.075394317162	0.01
1	1313	0.075394317162	0
1	1348	0.078544487091	0.01
1	1349	0.078544487091	0
1	1384	0.08005027135	0.01
1	1385	0.08005027135	0
1	1420	0.08023235135	0.01
1	1421	0.08023235135	0
1	1456	0.082241816462	0.01
1	1457	0.082241816462	0
1	1492	0.084282708678	0.01
1	1493	0.084282708678	0
1	1528	0.088127930547	0.01
1	1529	0.088127930547	0
1	1564	0.08876963972	0.01
1	1565	0.08876963972	0
1	1600	0.090374879277	0.01
1	1601	0.090374879277	0
1	1636	0.091988881352	0.01
1	1637	0.091988881352	0
1	1672	0.092607810812	0.01
1	1673	0.092607810812	0
1	1708	0.093342775233	0.01
1	1709	0.093342775233	0
1	1744	0.094859311207	0.01
1	1745	0.094859311207	0
1	1780	0.095995250149	0.01
1	1781	0.095995250149	0
1	1816	0.096177330149	0.01
1	1817	0.096177330149	0
1	1852	0.09739635226	0.01
1	1853	0.09739635226	0
1	1888	0.098417784134	0.01
1	1889	0.098417784134	0
1	1924	0.099290105329	0.01
1	1925	0.099290105329	0
1	1960	0.099472185329	0.01
1	1961	0.099472185329	0
1	1997	0.15008528	0.01
1	1998	0.15008528	0
1	2033	0.152979700478	0.01
1	2034	0.152979700478	0
1	2069	0.154401065158	0.01
1	2070	0.154401065158	0
1	2105	0.15513889245	0.01
1	2106	0.15513889245	0
1	2141	0.15532097245	0.01
1	2142	0.15532097245	0
1	2177	0.155786404331	0.01
1	2178	0.155786404331	0
1	2213	0.156428099033	0.01
1	2214	0.156428099033	0
1	2249	0.156735379385	0.01
1	2250	0.156735379385	0
1	2285	0.156941582667	0.01
1	2286	0.156941582667	0
1	2321	0.158429837493	0.01
1	2322	0.158429837493	0
1	2357	0.159765127678	0.01
1	2358	0.159765127678	0
1	2393	0.160374210101	0.01
1	2394	0.160374210101	0
1	2429	0.160618258592	0.01
1	2430	0.160618258592	0
1	2465	0.161458593298	0.01
1	2466	0.161458593298	0
1	2504	0.161658999894	0.01
1	2505	0.161658999894	0
1	2537	0.161841079894	0.01
1	2538	0.161841079894	0
1	2573	0.162014610705	0.01
1	2574	0.162014610705	0
1	2609	0.162975991644	0.01
1	2610	0.162975991644	0
1	2645	0.163158071644	0.01
1	2646	0.163158071644	0
1	2681	0.16408512481	0.01
1	2682	0.16408512481	0
1	2717	0.164336566742	0.01
1	2718	0.164336566742	0
1	2753	0.165296114719	0.01
1	2754	0.165296114719	0
1	2789	0.165784671768	0.01
1	2790	0.165784671768	0
1	2825	0.168662586789	0.01
1	2826	0.168662586789	0
1	2861	0.170991500163	0.01
1	2862	0.170991500163	0
1	2897	0.172136639118	0.01
1	2898	0.172136639118	0
1	2933	0.172734385195	0.01
1	2934	0.172734385195	0
1	2969	0.17317990369	0.01
1	2970	0.17317990369	0
1	3005	0.174129398273	0.01
1	3006	0.174129398273	0
1	3041	0.17470393068	0.01
1	3042	0.17470393068	0
1	3077	0.177030281742	0.01
1	3078	0.177030281742	0
1	3113	0.178226389541	0.01
1	3114	0.178226389541	0
1	3152	0.178429226057	0.01
1	3153	0.178429226057	0
1	3185	0.178611306057	0.01
1	3186	0.178611306057	0
1	3221	0.181893279741	0.01
1	3222	0.181893279741	0
1	3257	0.182992192209	0.01
1	3258	0.182992192209	0
1	3293	0.18405102634	0.01
1	3294	0.18405102634	0
1	3329	0.185161623786	0.01
1	3330	0.185161623786	0
1	3365	0.185349049852	0.01
1	3366	0.185349049852	0
1	3401	0.185585256558	0.01
1	3402	0.185585256558	0
1	3437	0.186028660587	0.01
1	3438	0.186028660587	0
1	3473	0.186210740587	0.01
1	3474	0.186210740587	0
1	3509	0.187555731965	0.01
1	3510	0.187555731965	0
1	3545	0.187934693929	0.01
1	3546	0.187934693929	0
1	3581	0.188870755489	0.01
1	3582	0.188870755489	0
1	3617	0.189322857549	0.01
1	3618	0.189322857549	0
1	3653	0.189715970106	0.01
1	3654	0.189715970106	0
1	3692	0.1905603979	0.01
1	3693	0.1905603979	0
1	3725	0.1907424779	0.01
1	3726	0.1907424779	0
1	3761	0.191176905367	0.01
1	3762	0.191176905367	0
1	3797	0.192182776372	0.01
1	3798	0.192182776372	0
1	3833	0.196637273218	0.01
1	3834	0.196637273218	0
1	3869	0.19983021986	0.01
1	3870	0.19983021986	0
1	3905	0.20001229986	0.01
1	3906	0.20001229986	0
1	3941	0.200995681381	0.01
1	3942	0.200995681381	0
1	3977	0.2012299829	0.01
1	3978	0.2012299829	0
1	4013	0.202238002145	0.01
1	4014	0.202238002145	0
1	4049	0.202420082145	0.01
1	4050	0.202420082145	0
1	4085	0.20777401604	0.01
1	4086	0.20777401604	0
1	4121	0.208832758755	0.01
1	4122	0.208832758755	0
1	4157	0.209704674609	0.01
1	4158	0.209704674609	0
1	4193	0.209996755142	0.01
1	4194	0.209996755142	0
1	4230	0.25008528	0.01
1	4231	0.25008528	0
1	4266	0.250713221581	0.01
1	4267	0.250713221581	0
1	4302	0.251357002583	0.01
1	4303	0.251357002583	0
1	4338	0.251637279591	0.01
1	4339	0.251637279591	0
1	4374	0.252614143665	0.01
1	4375	0.252614143665	0
1	4410	0.252796223665	0.01
1	4411	0.252796223665	0
1	4446	0.253199772351	0.01
1	4447	0.253199772351	0
1	4482	0.253381852351	0.01
1	4483	0.253381852351	0
1	4518	0.254439896063	0.01
1	4519	0.254439896063	0
1	4554	0.25550796826	0.01
1	4555	0.25550796826	0
1	4590	0.255889524103	0.01
1	4591	0.255889524103	0
1	4626	0.256071604103	0.01
1	4627	0.256071604103	0
1	4662	0.257544871705	0.01
1	4663	0.257544871705	0
1	4698	0.257763752302	0.01
1	4699	0.257763752302	0
1	4734	0.260750942194	0.01
1	4735	0.260750942194	0
1	4770	0.261210956152	0.01
1	4771	0.261210956152	0
1	4806	0.262297225533	0.01
1	4807	0.262297225533	0
1	4845	0.264017557191	0.01
1	4846	0.264017557191	0
1	4881	0.264169526651	0.01
1	4882	0.264169526651	0
1	4914	0.264351606651	0.01
1	4915	0.264351606651	0
1	4950	0.265108468585	0.01
1	4951	0.265108468585	0
1	4986	0.266928287504	0.01
1	4987	0.266928287504	0
1	5022	0.26804810187	0.01
1	5023	0.26804810187	0
1	5058	0.26823018187	0.01
1	5059	0.26823018187	0
1	5094	0.271722725017	0.01
1	5095	0.271722725017	0
1	5130	0.275471756477	0.01
1	5131	0.275471756477	0
1	5166	0.277577077778	0.01
1	5167	0.277577077778	0
1	5202	0.278209414374	0.01
1	5203	0.278209414374	0
1	5238	0.278921997967	0.01
1	5239	0.278921997967	0
1	5277	0.282683925252	0.01
1	5278	0.282683925252	0
1	5310	0.282866005252	0.01
1	5311	0.282866005252	0
1	5346	0.283669730675	0.01
1	5347	0.283669730675	0
1	5382	0.284269677562	0.01
1	5383	0.284269677562	0
1	5427	0.285613922834	0.01
1	5428	0.285613922834	0
1	5457	0.285736322834	0.01
1	5458	0.285736322834	0
1	5490	0.285918402834	0.01
1	5491	0.285918402834	0
1	5526	0.28625696765	0.01
1	5527	0.28625696765	0
1	5562	0.286589377891	0.01
1	5563	0.286589377891	0
1	5599	0.35008528	0.01
1	5600	0.35008528	0
1	5635	0.35026736	0.01
1	5636	0.35026736	0
1	5671	0.350658756227	0.01
1	5672	0.350658756227	0
1	5707	0.351009932316	0.01
1	5708	0.351009932316	0
1	5743	0.3516655786	0.01
1	5744	0.3516655786	0
1	5779	0.3518476586	0.01
1	5780	0.3518476586	0
1	5815	0.352958840763	0.01
1	5816	0.352958840763	0
1	5851	0.353341541712	0.01
1	5852	0.353341541712	0
1	5887	0.355465778909	0.01
1	5888	0.355465778909	0
1	5923	0.356000663285	0.01
1	5924	0.356000663285	0
1	5962	0.358504575068	0.01
1	5963	0.358504575068	0
1	5995	0.358686655068	0.01
1	5996	0.358686655068	0
1	6031	0.358868735068	0.01
1	6032	0.358868735068	0
1	6067	0.359994457444	0.01
1	6068	0.359994457444	0
2	24	0.00001152	0.01
2	25	0.00001152	0
2	59	0.0001936	0.01
2	62	0.0001936	0
2	97	0.000966434505	0.01
2	98	0.000966434505	0
2	133	0.001864994893	0.01
2	134	0.001864994893	0
2	169	0.003120925651	0.01
2	170	0.003120925651	0
2	205	0.004980529863	0.01
2	206	0.004980529863	0
2	241	0.005903752994	0.01
2	242	0.005903752994	0
2	277	0.00785529833	0.01
2	278	0.00785529833	0
2	313	0.00864249947	0.01
2	314	0.00864249947	0
2	350	0.05017056	0.01
2	351	0.05017056	0
2	386	0.050721608487	0.01
2	387	0.050721608487	0
2	422	0.051698614913	0.01
2	423	0.051698614913	0
2	458	0.052736774214	0.01
2	459	0.052736774214	0
2	494	0.053221902378	0.01
2	495	0.053221902378	0
2	530	0.053797421575	0.01
2	531	0.053797421575	0
2	566	0.054150580714	0.01
2	567	0.054150580714	0
2	605	0.056374105136	0.01
2	606	0.056374105136	0
2	638	0.056556185136	0.01
2	639	0.056556185136	0
2	674	0.059747402085	0.01
2	675	0.059747402085	0
2	710	0.060065758226	0.01
2	711	0.060065758226	0
2	746	0.060549360331	0.01
2	747	0.060549360331	0
2	782	0.061198806679	0.01
2	783	0.061198806679	0
2	818	0.062767702797	0.01
2	819	0.062767702797	0
2	854	0.064439913997	0.01
2	855	0.064439913997	0
2	890	0.06519258811	0.01
2	891	0.06519258811	0
2	926	0.065846470677	0.01
2	927	0.065846470677	0
2	962	0.06668590353	0.01
2	963	0.06668590353	0
2	998	0.067184775539	0.01
2	999	0.067184775539	0
2	1034	0.069783029625	0.01
2	1035	0.069783029625	0
2	1073	0.071591398889	0.01
2	1074	0.071591398889	0
2	1106	0.071773478889	0.01
2	1107	0.071773478889	0
2	1145	0.07207666224	0.01
2	1146	0.07207666224	0
2	1178	0.07225874224	0.01
2	1179	0.07225874224	0
2	1217	0.073212435774	0.01
2	1218	0.073212435774	0
2	1250	0.073394515774	0.01
2	1251	0.073394515774	0
2	1286	0.073692109499	0.01
2	1287	0.073692109499	0
2	1322	0.075479597162	0.01
2	1323	0.075479597162	0
2	1358	0.078629767091	0.01
2	1359	0.078629767091	0
2	1397	0.08013555135	0.01
2	1398	0.08013555135	0
2	1430	0.08031763135	0.01
2	1431	0.08031763135	0
2	1466	0.082327096462	0.01
2	1467	0.082327096462	0
2	1502	0.084367988678	0.01
2	1503	0.084367988678	0
2	1538	0.088213210547	0.01
2	1539	0.088213210547	0
2	1574	0.08885491972	0.01
2	1575	0.08885491972	0
2	1610	0.090460159277	0.01
2	1611	0.090460159277	0
2	1646	0.092074161352	0.01
2	1647	0.092074161352	0
2	1682	0.092693090812	0.01
2	1683	0.092693090812	0
2	1718	0.093428055233	0.01
2	1719	0.093428055233	0
2	1754	0.094944591207	0.01
2	1755	0.094944591207	0
2	1793	0.096080530149	0.01
2	1794	0.096080530149	0
2	1826	0.096262610149	0.01
2	1827	0.096262610149	0
2	1862	0.09748163226	0.01
2	1863	0.09748163226	0
2	1898	0.098503064134	0.01
2	1899	0.098503064134	0
2	1937	0.099375385329	0.01
2	1938	0.099375385329	0
2	1970	0.099557465329	0.01
2	1971	0.099557465329	0
2	2007	0.15017056	0.01
2	2008	0.15017056	0
2	2043	0.153064980478	0.01
2	2044	0.153064980478	0
2	2079	0.154486345158	0.01
2	2080	0.154486345158	0
2	2118	0.15522417245	0.01
2	2119	0.15522417245	0
2	2151	0.15540625245	0.01
2	2152	0.15540625245	0
2	2187	0.155871684331	0.01
2	2188	0.155871684331	0
2	2223	0.156513379033	0.01
2	2224	0.156513379033	0
2	2259	0.156820659385	0.01
2	2260	0.156820659385	0
2	2295	0.157026862667	0.01
2	2296	0.157026862667	0
2	2331	0.158515117493	0.01
2	2332	0.158515117493	0
2	2367	0.159850407678	0.01
2	2368	0.159850407678	0
2	2403	0.160459490101	0.01
2	2404	0.160459490101	0
2	2439	0.160703538592	0.01
2	2440	0.160703538592	0
2	2484	0.161543873298	0.01
2	2485	0.161543873298	0
2	2514	0.161780439894	0.01
2	2515	0.161780439894	0
2	2547	0.161890199894	0.01
2	2548	0.161890199894	0
2	2583	0.162099890705	0.01
2	2584	0.162099890705	0
2	2622	0.163061271644	0.01
2	2623	0.163061271644	0
2	2655	0.163243351644	0.01
2	2656	0.163243351644	0
2	2691	0.16417040481	0.01
2	2692	0.16417040481	0
2	2727	0.164421846742	0.01
2	2728	0.164421846742	0
2	2763	0.165381394719	0.01
2	2764	0.165381394719	0
2	2799	0.165869951768	0.01
2	2800	0.165869951768	0
2	2835	0.168747866789	0.01
2	2836	0.168747866789	0
2	2871	0.171076780163	0.01
2	2872	0.171076780163	0
2	2907	0.172221919118	0.01
2	2908	0.172221919118	0
2	2943	0.172819665195	0.01
2	2944	0.172819665195	0
2	2979	0.17326518369	0.01
2	2980	0.17326518369	0
2	3015	0.174214678273	0.01
2	3016	0.174214678273	0
2	3051	0.17478921068	0.01
2	3052	0.17478921068	0
2	3087	0.177115561742	0.01
2	3088	0.177115561742	0
2	3132	0.178311669541	0.01
2	3133	0.178311669541	0
2	3162	0.178550666057	0.01
2	3163	0.178550666057	0
2	3195	0.178660426057	0.01
2	3196	0.178660426057	0
2	3231	0.181978559741	0.01
2	3232	0.181978559741	0
2	3267	0.183077472209	0.01
2	3268	0.183077472209	0
2	3303	0.18413630634	0.01
2	3304	0.18413630634	0
2	3339	0.185246903786	0.01
2	3340	0.185246903786	0
2	3375	0.185434329852	0.01
2	3376	0.185434329852	0
2	3411	0.185670536558	0.01
2	3412	0.185670536558	0
2	3450	0.186113940587	0.01
2	3451	0.186113940587	0
2	3483	0.186296020587	0.01
2	3484	0.186296020587	0
2	3519	0.187641011965	0.01
2	3520	0.187641011965	0
2	3555	0.188019973929	0.01
2	3556	0.188019973929	0
2	3591	0.188956035489	0.01
2	3592	0.188956035489	0
2	3627	0.189408137549	0.01
2	3628	0.189408137549	0
2	3663	0.189801250106	0.01
2	3664	0.189801250106	0
2	3702	0.1906456779	0.01
2	3703	0.1906456779	0
2	3735	0.1908277579	0.01
2	3736	0.1908277579	0
2	3771	0.191262185367	0.01
2	3772	0.191262185367	0
2	3807	0.192268056372	0.01
2	3808	0.192268056372	0
2	3843	0.196722553218	0.01
2	3844	0.196722553218	0
2	3882	0.19991549986	0.01
2	3883	0.19991549986	0
2	3915	0.20009757986	0.01
2	3916	0.20009757986	0
2	3951	0.201080961381	0.01
2	3952	0.201080961381	0
2	3987	0.2013152629	0.01
2	3988	0.2013152629	0
2	4023	0.202323282145	0.01
2	4024	0.202323282145	0
2	4059	0.202505362145	0.01
2	4060	0.202505362145	0
2	4095	0.20785929604	0.01
2	4096	0.20785929604	0
2	4131	0.208918038755	0.01
2	4132	0.208918038755	0
2	4167	0.209789954609	0.01
2	4168	0.209789954609	0
2	4204	0.210082035142	0.01
2	4205	0.210082035142	0
2	4240	0.25017056	0.01
2	4241	0.25017056	0
2	4276	0.250798501581	0.01
2	4277	0.250798501581	0
2	4312	0.251442282583	0.01
2	4313	0.251442282583	0
2	4348	0.251722559591	0.01
2	4349	0.251722559591	0
2	4384	0.252699423665	0.01
2	4385	0.252699423665	0
2	4420	0.252881503665	0.01
2	4421	0.252881503665	0
2	4459	0.253285052351	0.01
2	4460	0.253285052351	0
2	4492	0.253467132351	0.01
2	4493	0.253467132351	0
2	4528	0.254525176063	0.01
2	4529	0.254525176063	0
2	4564	0.25559324826	0.01
2	4565	0.25559324826	0
2	4603	0.255974804103	0.01
2	4604	0.255974804103	0
2	4636	0.256156884103	0.01
2	4637	0.256156884103	0
2	4672	0.257630151705	0.01
2	4673	0.257630151705	0
2	4708	0.257849032302	0.01
2	4709	0.257849032302	0
2	4744	0.260836222194	0.01
2	4745	0.260836222194	0
2	4780	0.261296236152	0.01
2	4781	0.261296236152	0
2	4816	0.262382505533	0.01
2	4817	0.262382505533	0
2	4861	0.264102837191	0.01
2	4862	0.264102837191	0
2	4891	0.264290966651	0.01
2	4892	0.264290966651	0
2	4924	0.264400726651	0.01
2	4925	0.264400726651	0
2	4960	0.265193748585	0.01
2	4961	0.265193748585	0
2	4996	0.267013567504	0.01
2	4997	0.267013567504	0
2	5035	0.26813338187	0.01
2	5036	0.26813338187	0
2	5068	0.26831546187	0.01
2	5069	0.26831546187	0
2	5104	0.271808005017	0.01
2	5105	0.271808005017	0
2	5140	0.275557036477	0.01
2	5141	0.275557036477	0
2	5176	0.277662357778	0.01
2	5177	0.277662357778	0
2	5212	0.278294694374	0.01
2	5213	0.278294694374	0
2	5248	0.279007277967	0.01
2	5249	0.279007277967	0
2	5287	0.282769205252	0.01
2	5288	0.282769205252	0
2	5320	0.282951285252	0.01
2	5321	0.282951285252	0
2	5356	0.283755010675	0.01
2	5357	0.283755010675	0
2	5392	0.284354957562	0.01
2	5393	0.284354957562	0
2	5437	0.285699202834	0.01
2	5438	0.285699202834	0
2	5467	0.285857762834	0.01
2	5468	0.285857762834	0
2	5500	0.285967522834	0.01
2	5501	0.285967522834	0
2	5536	0.28634224765	0.01
2	5537	0.28634224765	0
2	5572	0.286674657891	0.01
2	5573	0.286674657891	0
2	5612	0.35017056	0.01
2	5613	0.35017056	0
2	5645	0.35035264	0.01
2	5646	0.35035264	0
2	5681	0.350744036227	0.01
2	5682	0.350744036227	0
2	5717	0.351095212316	0.01
2	5718	0.351095212316	0
2	5756	0.3517508586	0.01
2	5757	0.3517508586	0
2	5789	0.3519329386	0.01
2	5790	0.3519329386	0
2	5825	0.353044120763	0.01
2	5826	0.353044120763	0
2	5861	0.353426821712	0.01
2	5862	0.353426821712	0
2	5897	0.355551058909	0.01
2	5898	0.355551058909	0
2	5933	0.356085943285	0.01
2	5934	0.356085943285	0
2	5972	0.358589855068	0.01
2	5973	0.358589855068	0
2	6008	0.358771935068	0.01
2	6009	0.358771935068	0
2	6041	0.358954015068	0.01
2	6042	0.358954015068	0
2	6078	0.360079737444	0.01
2	6079	0.360079737444	0
3	31	0.00001728	0.01
3	32	0.00001728	0
3	68	0.00019936	0.01
3	69	0.00019936	0
3	104	0.000972194505	0.01
3	105	0.000972194505	0
3	140	0.001870754893	0.01
3	141	0.001870754893	0
3	176	0.003126685651	0.01
3	177	0.003126685651	0
3	212	0.004986289863	0.01
3	213	0.004986289863	0
3	248	0.005909512994	0.01
3	249	0.005909512994	0
3	284	0.00786105833	0.01
3	285	0.00786105833	0
3	320	0.00864825947	0.01
3	321	0.00864825947	0
3	357	0.05017632	0.01
3	358	0.05017632	0
3	393	0.050727368487	0.01
3	394	0.050727368487	0
3	429	0.051704374913	0.01
3	430	0.051704374913	0
3	465	0.052742534214	0.01
3	466	0.052742534214	0
3	501	0.053227662378	0.01
3	502	0.053227662378	0
3	537	0.053803181575	0.01
3	538	0.053803181575	0
3	573	0.054156340714	0.01
3	574	0.054156340714	0
3	612	0.056379865136	0.01
3	613	0.056379865136	0
3	645	0.056561945136	0.01
3	646	0.056561945136	0
3	681	0.059753162085	0.01
3	682	0.059753162085	0
3	717	0.060071518226	0.01
3	718	0.060071518226	0
3	753	0.060555120331	0.01
3	754	0.060555120331	0
3	789	0.061204566679	0.01
3	790	0.061204566679	0
3	825	0.062773462797	0.01
3	826	0.062773462797	0
3	861	0.064445673997	0.01
3	862	0.064445673997	0
3	897	0.06519834811	0.01
3	898	0.06519834811	0
3	933	0.065852230677	0.01
3	934	0.065852230677	0
3	969	0.06669166353	0.01
3	970	0.06669166353	0
3	1005	0.067190535539	0.01
3	1006	0.067190535539	0
3	1041	0.069788789625	0.01
3	1042	0.069788789625	0
3	1080	0.071597158889	0.01
3	1081	0.071597158889	0
3	1113	0.071779238889	0.01
3	1114	0.071779238889	0
3	1152	0.07208242224	0.01
3	1153	0.07208242224	0
3	1185	0.07226450224	0.01
3	1186	0.07226450224	0
3	1224	0.073218195774	0.01
3	1225	0.073218195774	0
3	1257	0.073400275774	0.01
3	1258	0.073400275774	0
3	1293	0.073697869499	0.01
3	1294	0.073697869499	0
3	1329	0.075485357162	0.01
3	1330	0.075485357162	0
3	1365	0.078635527091	0.01
3	1366	0.078635527091	0
3	1404	0.08014131135	0.01
3	1405	0.08014131135	0
3	1437	0.08032339135	0.01
3	1438	0.08032339135	0
3	1473	0.082332856462	0.01
3	1474	0.082332856462	0
3	1509	0.084373748678	0.01
3	1510	0.084373748678	0
3	1545	0.088218970547	0.01
3	1546	0.088218970547	0
3	1581	0.08886067972	0.01
3	1582	0.08886067972	0
3	1617	0.090465919277	0.01
3	1618	0.090465919277	0
3	1653	0.092079921352	0.01
3	1654	0.092079921352	0
3	1689	0.092698850812	0.01
3	1690	0.092698850812	0
3	1725	0.093433815233	0.01
3	1726	0.093433815233	0
3	1761	0.094950351207	0.01
3	1762	0.094950351207	0
3	1800	0.096086290149	0.01
3	1801	0.096086290149	0
3	1833	0.096268370149	0.01
3	1834	0.096268370149	0
3	1869	0.09748739226	0.01
3	1870	0.09748739226	0
3	1905	0.098508824134	0.01
3	1906	0.098508824134	0
3	1944	0.099381145329	0.01
3	1945	0.099381145329	0
3	1977	0.099563225329	0.01
3	1978	0.099563225329	0
3	2014	0.15017632	0.01
3	2015	0.15017632	0
3	2050	0.153070740478	0.01
3	2051	0.153070740478	0
3	2086	0.154492105158	0.01
3	2087	0.154492105158	0
3	2125	0.15522993245	0.01
3	2126	0.15522993245	0
3	2158	0.15541201245	0.01
3	2159	0.15541201245	0
3	2194	0.155877444331	0.01
3	2195	0.155877444331	0
3	2230	0.156519139033	0.01
3	2231	0.156519139033	0
3	2266	0.156826419385	0.01
3	2267	0.156826419385	0
3	2302	0.157032622667	0.01
3	2303	0.157032622667	0
3	2338	0.158520877493	0.01
3	2339	0.158520877493	0
3	2374	0.159856167678	0.01
3	2375	0.159856167678	0
3	2410	0.160465250101	0.01
3	2411	0.160465250101	0
3	2446	0.160709298592	0.01
3	2447	0.160709298592	0
3	2491	0.161549633298	0.01
3	2492	0.161549633298	0
3	2521	0.161786199894	0.01
3	2522	0.161786199894	0
3	2554	0.161895959894	0.01
3	2555	0.161895959894	0
3	2590	0.162105650705	0.01
3	2591	0.162105650705	0
3	2629	0.163067031644	0.01
3	2630	0.163067031644	0
3	2662	0.163249111644	0.01
3	2663	0.163249111644	0
3	2698	0.16417616481	0.01
3	2699	0.16417616481	0
3	2734	0.164427606742	0.01
3	2735	0.164427606742	0
3	2770	0.165387154719	0.01
3	2771	0.165387154719	0
3	2806	0.165875711768	0.01
3	2807	0.165875711768	0
3	2842	0.168753626789	0.01
3	2843	0.168753626789	0
3	2878	0.171082540163	0.01
3	2879	0.171082540163	0
3	2914	0.172227679118	0.01
3	2915	0.172227679118	0
3	2950	0.172825425195	0.01
3	2951	0.172825425195	0
3	2986	0.17327094369	0.01
3	2987	0.17327094369	0
3	3022	0.174220438273	0.01
3	3023	0.174220438273	0
3	3058	0.17479497068	0.01
3	3059	0.17479497068	0
3	3094	0.177121321742	0.01
3	3095	0.177121321742	0
3	3139	0.178317429541	0.01
3	3140	0.178317429541	0
3	3169	0.178556426057	0.01
3	3170	0.178556426057	0
3	3202	0.178666186057	0.01
3	3203	0.178666186057	0
3	3238	0.181984319741	0.01
3	3239	0.181984319741	0
3	3274	0.183083232209	0.01
3	3275	0.183083232209	0
3	3310	0.18414206634	0.01
3	3311	0.18414206634	0
3	3346	0.185252663786	0.01
3	3347	0.185252663786	0
3	3382	0.185440089852	0.01
3	3383	0.185440089852	0
3	3418	0.185676296558	0.01
3	3419	0.185676296558	0
3	3457	0.186119700587	0.01
3	3458	0.186119700587	0
3	3490	0.186301780587	0.01
3	3491	0.186301780587	0
3	3526	0.187646771965	0.01
3	3527	0.187646771965	0
3	3562	0.188025733929	0.01
3	3563	0.188025733929	0
3	3598	0.188961795489	0.01
3	3599	0.188961795489	0
3	3634	0.189413897549	0.01
3	3635	0.189413897549	0
3	3670	0.189807010106	0.01
3	3671	0.189807010106	0
3	3709	0.1906514379	0.01
3	3710	0.1906514379	0
3	3742	0.1908335179	0.01
3	3743	0.1908335179	0
3	3778	0.191267945367	0.01
3	3779	0.191267945367	0
3	3814	0.192273816372	0.01
3	3815	0.192273816372	0
3	3850	0.196728313218	0.01
3	3851	0.196728313218	0
3	3889	0.19992125986	0.01
3	3890	0.19992125986	0
3	3922	0.20010333986	0.01
3	3923	0.20010333986	0
3	3958	0.201086721381	0.01
3	3959	0.201086721381	0
3	3994	0.2013210229	0.01
3	3995	0.2013210229	0
3	4033	0.202329042145	0.01
3	4034	0.202329042145	0
3	4066	0.202511122145	0.01
3	4067	0.202511122145	0
3	4102	0.20786505604	0.01
3	4103	0.20786505604	0
3	4138	0.208923798755	0.01
3	4139	0.208923798755	0
3	4174	0.209795714609	0.01
3	4175	0.209795714609	0
3	4211	0.210087795142	0.01
3	4212	0.210087795142	0
3	4247	0.25017632	0.01
3	4248	0.25017632	0
3	4283	0.250804261581	0.01
3	4284	0.250804261581	0
3	4319	0.251448042583	0.01
3	4320	0.251448042583	0
3	4355	0.251728319591	0.01
3	4356	0.251728319591	0
3	4394	0.252705183665	0.01
3	4395	0.252705183665	0
3	4427	0.252887263665	0.01
3	4428	0.252887263665	0
3	4466	0.253290812351	0.01
3	4467	0.253290812351	0
3	4499	0.253472892351	0.01
3	4500	0.253472892351	0
3	4535	0.254530936063	0.01
3	4536	0.254530936063	0
3	4571	0.25559900826	0.01
3	4572	0.25559900826	0
3	4610	0.255980564103	0.01
3	4611	0.255980564103	0
3	4643	0.256162644103	0.01
3	4644	0.256162644103	0
3	4679	0.257635911705	0.01
3	4680	0.257635911705	0
3	4715	0.257854792302	0.01
3	4716	0.257854792302	0
3	4751	0.260841982194	0.01
3	4752	0.260841982194	0
3	4787	0.261301996152	0.01
3	4788	0.261301996152	0
3	4823	0.262388265533	0.01
3	4824	0.262388265533	0
3	4868	0.264108597191	0.01
3	4869	0.264108597191	0
3	4898	0.264296726651	0.01
3	4899	0.264296726651	0
3	4931	0.264406486651	0.01
3	4932	0.264406486651	0
3	4967	0.265199508585	0.01
3	4968	0.265199508585	0
3	5003	0.267019327504	0.01
3	5004	0.267019327504	0
3	5042	0.26813914187	0.01
3	5043	0.26813914187	0
3	5075	0.26832122187	0.01
3	5076	0.26832122187	0
3	5111	0.271813765017	0.01
3	5112	0.271813765017	0
3	5147	0.275562796477	0.01
3	5148	0.275562796477	0
3	5183	0.277668117778	0.01
3	5184	0.277668117778	0
3	5219	0.278300454374	0.01
3	5220	0.278300454374	0
3	5255	0.279013037967	0.01
3	5256	0.279013037967	0
3	5294	0.282774965252	0.01
3	5295	0.282774965252	0
3	5327	0.282957045252	0.01
3	5328	0.282957045252	0
3	5363	0.283760770675	0.01
3	5364	0.283760770675	0
3	5399	0.284360717562	0.01
3	5400	0.284360717562	0
3	5444	0.285704962834	0.01
3	5445	0.285704962834	0
3	5474	0.285863522834	0.01
3	5475	0.285863522834	0
3	5507	0.285973282834	0.01
3	5508	0.285973282834	0
3	5543	0.28634800765	0.01
3	5544	0.28634800765	0
3	5579	0.286680417891	0.01
3	5580	0.286680417891	0
3	5619	0.35017632	0.01
3	5620	0.35017632	0
3	5652	0.3503584	0.01
3	5653	0.3503584	0
3	5688	0.350749796227	0.01
3	5689	0.350749796227	0
3	5724	0.351100972316	0.01
3	5725	0.351100972316	0
3	5763	0.3517566186	0.01
3	5764	0.3517566186	0
3	5796	0.3519386986	0.01
3	5797	0.3519386986	0
3	5832	0.353049880763	0.01
3	5833	0.353049880763	0
3	5868	0.353432581712	0.01
3	5869	0.353432581712	0
3	5904	0.355556818909	0.01
3	5905	0.355556818909	0
3	5940	0.356091703285	0.01
3	5941	0.356091703285	0
3	5979	0.358595615068	0.01
3	5980	0.358595615068	0
3	6015	0.358777695068	0.01
3	6016	0.358777695068	0
3	6048	0.358959775068	0.01
3	6049	0.358959775068	0
3	6085	0.360085497444	0.01
3	6086	0.360085497444	0
4	55	0.0001936	0.015259021896696
4	58	0.0001936	0
4	94	0.000966434505	0.015259021896696
4	94	0.000966434505	0
4	130	0.001864994893	0.015259021896696
4	130	0.001864994893	0
4	166	0.003120925651	0.015259021896696
4	166	0.003120925651	0
4	202	0.004980529863	0.015259021896696
4	202	0.004980529863	0
4	238	0.005903752994	0.015259021896696
4	238	0.005903752994	0
4	274	0.00785529833	0.015259021896696
4	274	0.00785529833	0
4	310	0.00864249947	0.015259021896696
4	310	0.00864249947	0
4	347	0.05017056	0.015259021896696
4	347	0.05017056	0
4	383	0.050721608487	0.015259021896696
4	383	0.050721608487	0
4	419	0.051698614913	0.015259021896696
4	419	0.051698614913	0
4	455	0.052736774214	0.015259021896696
4	455	0.052736774214	0
4	491	0.053221902378	0.015259021896696
4	491	0.053221902378	0
4	527	0.053797421575	0.015259021896696
4	527	0.053797421575	0
4	563	0.054150580714	0.015259021896696
4	563	0.054150580714	0
4	602	0.056374105136	0.015259021896696
4	602	0.056374105136	0
4	635	0.056556185136	0.015259021896696
4	635	0.056556185136	0
4	671	0.059747402085	0.015259021896696
4	671	0.059747402085	0
4	707	0.060065758226	0.015259021896696
4	707	0.060065758226	0
4	743	0.060549360331	0.015259021896696
4	743	0.060549360331	0
4	779	0.061198806679	0.015259021896696
4	779	0.061198806679	0
4	815	0.062767702797	0.015259021896696
4	815	0.062767702797	0
4	851	0.064439913997	0.015259021896696
4	851	0.064439913997	0
4	887	0.06519258811	0.015259021896696
4	887	0.06519258811	0
4	923	0.065846470677	0.015259021896696
4	923	0.065846470677	0
4	959	0.06668590353	0.015259021896696
4	959	0.06668590353	0
4	995	0.067184775539	0.015259021896696
4	995	0.067184775539	0
4	1031	0.069783029625	0.015259021896696
4	1031	0.069783029625	0
4	1070	0.071591398889	0.015259021896696
4	1070	0.071591398889	0
4	1103	0.071773478889	0.015259021896696
4	1103	0.071773478889	0
4	1142	0.07207666224	0.015259021896696
4	1142	0.07207666224	0
4	1175	0.07225874224	0.015259021896696
4	1175	0.07225874224	0
4	1214	0.073212435774	0.015259021896696
4	1214	0.073212435774	0
4	1247	0.073394515774	0.015259021896696
4	1247	0.073394515774	0
4	1283	0.073692109499	0.015259021896696
4	1283	0.073692109499	0
4	1319	0.075479597162	0.015259021896696
4	1319	0.075479597162	0
4	1355	0.078629767091	0.015259021896696
4	1355	0.078629767091	0
4	1394	0.08013555135	0.015259021896696
4	1394	0.08013555135	0
4	1427	0.08031763135	0.015259021896696
4	1427	0.08031763135	0
4	1463	0.082327096462	0.015259021896696
4	1463	0.082327096462	0
4	1499	0.084367988678	0.015259021896696
4	1499	0.084367988678	0
4	1535	0.088213210547	0.015259021896696
4	1535	0.088213210547	0
4	1571	0.08885491972	0.015259021896696
4	1571	0.08885491972	0
4	1607	0.090460159277	0.015259021896696
4	1607	0.090460159277	0
4	1643	0.092074161352	0.015259021896696
4	1643	0.092074161352	0
4	1679	0.092693090812	0.015259021896696
4	1679	0.092693090812	0
4	1715	0.093428055233	0.015259021896696
4	1715	0.093428055233	0
4	1751	0.094944591207	0.015259021896696
4	1751	0.094944591207	0
4	1790	0.096080530149	0.015259021896696
4	1790	0.096080530149	0
4	1823	0.096262610149	0.015259021896696
4	1823	0.096262610149	0
4	1859	0.09748163226	0.015259021896696
4	1859	0.09748163226	0
4	1895	0.098503064134	0.015259021896696
4	1895	0.098503064134	0
4	1934	0.099375385329	0.015259021896696
4	1934	0.099375385329	0
4	1967	0.099557465329	0.015259021896696
4	1967	0.099557465329	0
4	2004	0.15017056	0.015259021896696
4	2004	0.15017056	0
4	2040	0.153064980478	0.015259021896696
4	2040	0.153064980478	0
4	2076	0.154486345158	0.015259021896696
4	2076	0.154486345158	0
4	2115	0.15522417245	0.015259021896696
4	2115	0.15522417245	0
4	2148	0.15540625245	0.015259021896696
4	2148	0.15540625245	0
4	2184	0.155871684331	0.015259021896696
4	2184	0.155871684331	0
4	2220	0.156513379033	0.015259021896696
4	2220	0.156513379033	0
4	2256	0.156820659385	0.015259021896696
4	2256	0.156820659385	0
4	2292	0.157026862667	0.015259021896696
4	2292	0.157026862667	0
4	2328	0.158515117493	0.015259021896696
4	2328	0.158515117493	0
4	2364	0.159850407678	0.015259021896696
4	2364	0.159850407678	0
4	2400	0.160459490101	0.015259021896696
4	2400	0.160459490101	0
4	2436	0.160703538592	0.015259021896696
4	2436	0.160703538592	0
4	2481	0.161543873298	0.015259021896696
4	2481	0.161543873298	0
4	2511	0.161780439894	0.022156099794003
4	2511	0.161780439894	0
4	2544	0.161890199894	0.0083619439993896
4	2544	0.161890199894	0
4	2580	0.162099890705	0.015259021896696
4	2580	0.162099890705	0
4	2619	0.163061271644	0.015259021896696
4	2619	0.163061271644	0
4	2652	0.163243351644	0.015259021896696
4	2652	0.163243351644	0
4	2688	0.16417040481	0.015259021896696
4	2688	0.16417040481	0
4	2724	0.164421846742	0.015259021896696
4	2724	0.164421846742	0
4	2760	0.165381394719	0.015259021896696
4	2760	0.165381394719	0
4	2796	0.165869951768	0.015259021896696
4	2796	0.165869951768	0
4	2832	0.168747866789	0.015259021896696
4	2832	0.168747866789	0
4	2868	0.171076780163	0.015259021896696
4	2868	0.171076780163	0
4	2904	0.172221919118	0.015259021896696
4	2904	0.172221919118	0
4	2940	0.172819665195	0.015259021896696
4	2940	0.172819665195	0
4	2976	0.17326518369	0.015259021896696
4	2976	0.17326518369	0
4	3012	0.174214678273	0.015259021896696
4	3012	0.174214678273	0
4	3048	0.17478921068	0.015259021896696
4	3048	0.17478921068	0
4	3084	0.177115561742	0.015259021896696
4	3084	0.177115561742	0
4	3129	0.178311669541	0.015259021896696
4	3129	0.178311669541	0
4	3159	0.178550666057	0.022156099794003
4	3159	0.178550666057	0
4	3192	0.178660426057	0.0083619439993896
4	3192	0.178660426057	0
4	3228	0.181978559741	0.015259021896696
4	3228	0.181978559741	0
4	3264	0.183077472209	0.015259021896696
4	3264	0.183077472209	0
4	3300	0.18413630634	0.015259021896696
4	3300	0.18413630634	0
4	3336	0.185246903786	0.015259021896696
4	3336	0.185246903786	0
4	3372	0.185434329852	0.015259021896696
4	3372	0.185434329852	0
4	3408	0.185670536558	0.015259021896696
4	3408	0.185670536558	0
4	3447	0.186113940587	0.015259021896696
4	3447	0.186113940587	0
4	3480	0.186296020587	0.015259021896696
4	3480	0.186296020587	0
4	3516	0.187641011965	0.015259021896696
4	3516	0.187641011965	0
4	3552	0.188019973929	0.015259021896696
4	3552	0.188019973929	0
4	3588	0.188956035489	0.015259021896696
4	3588	0.188956035489	0
4	3624	0.189408137549	0.015259021896696
4	3624	0.189408137549	0
4	3660	0.189801250106	0.015259021896696
4	3660	0.189801250106	0
4	3699	0.1906456779	0.015259021896696
4	3699	0.1906456779	0
4	3732	0.1908277579	0.015259021896696
4	3732	0.1908277579	0
4	3768	0.191262185367	0.015259021896696
4	3768	0.191262185367	0
4	3804	0.192268056372	0.015259021896696
4	3804	0.192268056372	0
4	3840	0.196722553218	0.015259021896696
4	3840	0.196722553218	0
4	3879	0.19991549986	0.015259021896696
4	3879	0.19991549986	0
4	3912	0.20009757986	0.015259021896696
4	3912	0.20009757986	0
4	3948	0.201080961381	0.015259021896696
4	3948	0.201080961381	0
4	3984	0.2013152629	0.015259021896696
4	3984	0.2013152629	0
4	4020	0.202323282145	0.015259021896696
4	4020	0.202323282145	0
4	4056	0.202505362145	0.015259021896696
4	4056	0.202505362145	0
4	4092	0.20785929604	0.015259021896696
4	4092	0.20785929604	0
4	4128	0.208918038755	0.015259021896696
4	4128	0.208918038755	0
4	4164	0.209789954609	0.015259021896696
4	4164	0.209789954609	0
4	4201	0.210082035142	0.015259021896696
4	4201	0.210082035142	0
4	4237	0.25017056	0.015259021896696
4	4237	0.25017056	0
4	4273	0.250798501581	0.015259021896696
4	4273	0.250798501581	0
4	4309	0.251442282583	0.015259021896696
4	4309	0.251442282583	0
4	4345	0.251722559591	0.015259021896696
4	4345	0.251722559591	0
4	4381	0.252699423665	0.015259021896696
4	4381	0.252699423665	0
4	4417	0.252881503665	0.015259021896696
4	4417	0.252881503665	0
4	4456	0.253285052351	0.015259021896696
4	4456	0.253285052351	0
4	4489	0.253467132351	0.015259021896696
4	4489	0.253467132351	0
4	4525	0.254525176063	0.015259021896696
4	4525	0.254525176063	0
4	4561	0.25559324826	0.015259021896696
4	4561	0.25559324826	0
4	4600	0.255974804103	0.015259021896696
4	4600	0.255974804103	0
4	4633	0.256156884103	0.015259021896696
4	4633	0.256156884103	0
4	4669	0.257630151705	0.015259021896696
4	4669	0.257630151705	0
4	4705	0.257849032302	0.015259021896696
4	4705	0.257849032302	0
4	4741	0.260836222194	0.015259021896696
4	4741	0.260836222194	0
4	4777	0.261296236152	0.015259021896696
4	4777	0.261296236152	0
4	4813	0.262382505533	0.015259021896696
4	4813	0.262382505533	0
4	4858	0.264102837191	0.015259021896696
4	4858	0.264102837191	0
4	4888	0.264290966651	0.022156099794003
4	4888	0.264290966651	0
4	4921	0.264400726651	0.0083619439993896
4	4921	0.264400726651	0
4	4957	0.265193748585	0.015259021896696
4	4957	0.265193748585	0
4	4993	0.267013567504	0.015259021896696
4	4993	0.267013567504	0
4	5032	0.26813338187	0.015259021896696
4	5032	0.26813338187	0
4	5065	0.26831546187	0.015259021896696
4	5065	0.26831546187	0
4	5101	0.271808005017	0.015259021896696
4	5101	0.271808005017	0
4	5137	0.275557036477	0.015259021896696
4	5137	0.275557036477	0
4	5173	0.277662357778	0.015259021896696
4	5173	0.277662357778	0
4	5209	0.278294694374	0.015259021896696
4	5209	0.278294694374	0
4	5245	0.279007277967	0.015259021896696
4	5245	0.279007277967	0
4	5284	0.282769205252	0.015259021896696
4	5284	0.282769205252	0
4	5317	0.282951285252	0.015259021896696
4	5317	0.282951285252	0
4	5353	0.283755010675	0.015259021896696
4	5353	0.283755010675	0
4	5389	0.284354957562	0.015259021896696
4	5389	0.284354957562	0
4	5434	0.285699202834	0.015259021896696
4	5434	0.285699202834	0
4	5464	0.285857762834	0.022156099794003
4	5464	0.285857762834	0
4	5497	0.285967522834	0.0083619439993896
4	5497	0.285967522834	0
4	5533	0.28634224765	0.015259021896696
4	5533	0.28634224765	0
4	5569	0.286674657891	0.015259021896696
4	5569	0.286674657891	0
4	5609	0.35017056	0.015259021896696
4	5609	0.35017056	0
4	5642	0.35035264	0.015259021896696
4	5642	0.35035264	0
4	5678	0.350744036227	0.015259021896696
4	5678	0.350744036227	0
4	5714	0.351095212316	0.015259021896696
4	5714	0.351095212316	0
4	5753	0.3517508586	0.015259021896696
4	5753	0.3517508586	0
4	5786	0.3519329386	0.015259021896696
4	5786	0.3519329386	0
4	5822	0.353044120763	0.015259021896696
4	5822	0.353044120763	0
4	5858	0.353426821712	0.015259021896696
4	5858	0.353426821712	0
4	5894	0.355551058909	0.015259021896696
4	5894	0.355551058909	0
4	5930	0.356085943285	0.015259021896696
4	5930	0.356085943285	0
4	5969	0.358589855068	0.015259021896696
4	5969	0.358589855068	0
4	6005	0.358771935068	0.015259021896696
4	6005	0.358771935068	0
4	6038	0.358954015068	0.015259021896696
4	6038	0.358954015068	0
4	6075	0.360079737444	0.015259021896696
4	6075	0.360079737444	0
5	61	0.0001936	0.00017056
5	95	0.000966434505	0.00017056
5	131	0.001864994893	0.00017056
5	167	0.003120925651	0.00017056
5	203	0.004980529863	0.00017056
5	239	0.005903752994	0.00017056
5	275	0.00785529833	0.00017056
5	311	0.00864249947	0.00017056
5	348	0.05017056	0.00017056
5	384	0.050721608487	0.00017056
5	420	0.051698614913	0.00017056
5	456	0.052736774214	0.00017056
5	492	0.053221902378	0.00017056
5	528	0.053797421575	0.00017056
5	564	0.054150580714	0.00017056
5	603	0.056374105136	0.00017056
5	636	0.056556185136	0.00017056
5	672	0.059747402085	0.00017056
5	708	0.060065758226	0.00017056
5	744	0.060549360331	0.00017056
5	780	0.061198806679	0.00017056
5	816	0.062767702797	0.00017056
5	852	0.064439913997	0.00017056
5	888	0.06519258811	0.00017056
5	924	0.065846470677	0.00017056
5	960	0.06668590353	0.00017056
5	996	0.067184775539	0.00017056
5	1032	0.069783029625	0.00017056
5	1071	0.071591398889	0.00017056
5	1104	0.071773478889	0.00017056
5	1143	0.07207666224	0.00017056
5	1176	0.07225874224	0.00017056
5	1215	0.073212435774	0.00017056
5	1248	0.073394515774	0.00017056
5	1284	0.073692109499	0.00017056
5	1320	0.075479597162	0.00017056
5	1356	0.078629767091	0.00017056
5	1395	0.08013555135	0.00017056
5	1428	0.08031763135	0.00017056
5	1464	0.082327096462	0.00017056
5	1500	0.084367988678	0.00017056
5	1536	0.088213210547	0.00017056
5	1572	0.08885491972	0.00017056
5	1608	0.090460159277	0.00017056
5	1644	0.092074161352	0.00017056
5	1680	0.092693090812	0.00017056
5	1716	0.093428055233	0.00017056
5	1752	0.094944591207	0.00017056
5	1791	0.096080530149	0.00017056
5	1824	0.096262610149	0.00017056
5	1860	0.09748163226	0.00017056
5	1896	0.098503064134	0.00017056
5	1935	0.099375385329	0.00017056
5	1968	0.099557465329	0.00017056
5	2005	0.15017056	0.00017056
5	2041	0.153064980478	0.00017056
5	2077	0.154486345158	0.00017056
5	2116	0.15522417245	0.00017056
5	2149	0.15540625245	0.00017056
5	2185	0.155871684331	0.00017056
5	2221	0.156513379033	0.00017056
5	2257	0.156820659385	0.00017056
5	2293	0.157026862667	0.00017056
5	2329	0.158515117493	0.00017056
5	2365	0.159850407678	0.00017056
5	2401	0.160459490101	0.00017056
5	2437	0.160703538592	0.00017056
5	2482	0.161543873298	0.00017056
5	2512	0.161780439894	0.00024288
5	2545	0.161890199894	9.824e-05
5	2581	0.162099890705	0.00017056
5	2620	0.163061271644	0.00017056
5	2653	0.163243351644	0.00017056
5	2689	0.16417040481	0.00017056
5	2725	0.164421846742	0.00017056
5	2761	0.165381394719	0.00017056
5	2797	0.165869951768	0.00017056
5	2833	0.168747866789	0.00017056
5	2869	0.171076780163	0.00017056
5	2905	0.172221919118	0.00017056
5	2941	0.172819665195	0.00017056
5	2977	0.17326518369	0.00017056
5	3013	0.174214678273	0.00017056
5	3049	0.17478921068	0.00017056
5	3085	0.177115561742	0.00017056
5	3130	0.178311669541	0.00017056
5	3160	0.178550666057	0.00024288
5	3193	0.178660426057	9.824e-05
5	3229	0.181978559741	0.00017056
5	3265	0.183077472209	0.00017056
5	3301	0.18413630634	0.00017056
5	3337	0.185246903786	0.00017056
5	3373	0.185434329852	0.00017056
5	3409	0.185670536558	0.00017056
5	3448	0.186113940587	0.00017056
5	3481	0.186296020587	0.00017056
5	3517	0.187641011965	0.00017056
5	3553	0.188019973929	0.00017056
5	3589	0.188956035489	0.00017056
5	3625	0.189408137549	0.00017056
5	3661	0.189801250106	0.00017056
5	3700	0.1906456779	0.00017056
5	3733	0.1908277579	0.00017056
5	3769	0.191262185367	0.00017056
5	3805	0.192268056372	0.00017056
5	3841	0.196722553218	0.00017056
5	3880	0.19991549986	0.00017056
5	3913	0.20009757986	0.00017056
5	3949	0.201080961381	0.00017056
5	3985	0.2013152629	0.00017056
5	4021	0.202323282145	0.00017056
5	4057	0.202505362145	0.00017056
5	4093	0.20785929604	0.00017056
5	4129	0.208918038755	0.00017056
5	4165	0.209789954609	0.00017056
5	4202	0.210082035142	0.00017056
5	4238	0.25017056	0.00017056
5	4274	0.250798501581	0.00017056
5	4310	0.251442282583	0.00017056
5	4346	0.251722559591	0.00017056
5	4382	0.252699423665	0.00017056
5	4418	0.252881503665	0.00017056
5	4457	0.253285052351	0.00017056
5	4490	0.253467132351	0.00017056
5	4526	0.254525176063	0.00017056
5	4562	0.25559324826	0.00017056
5	4601	0.255974804103	0.00017056
5	4634	0.256156884103	0.00017056
5	4670	0.257630151705	0.00017056
5	4706	0.257849032302	0.00017056
5	4742	0.260836222194	0.00017056
5	4778	0.261296236152	0.00017056
5	4814	0.262382505533	0.00017056
5	4859	0.264102837191	0.00017056
5	4889	0.264290966651	0.00024288
5	4922	0.264400726651	9.824e-05
5	4958	0.265193748585	0.00017056
5	4994	0.267013567504	0.00017056
5	5033	0.26813338187	0.00017056
5	5066	0.26831546187	0.00017056
5	5102	0.271808005017	0.00017056
5	5138	0.275557036477	0.00017056
5	5174	0.277662357778	0.00017056
5	5210	0.278294694374	0.00017056
5	5246	0.279007277967	0.00017056
5	5285	0.282769205252	0.00017056
5	5318	0.282951285252	0.00017056
5	5354	0.283755010675	0.00017056
5	5390	0.284354957562	0.00017056
5	5435	0.285699202834	0.00017056
5	5465	0.285857762834	0.000268953573
5	5498	0.285967522834	9.824e-05
5	5534	0.28634224765	0.00017056
5	5570	0.286674657891	0.00017056
5	5610	0.35017056	0.00017056
5	5643	0.35035264	0.00017056
5	5679	0.350744036227	0.00017056
5	5715	0.351095212316	0.00017056
5	5754	0.3517508586	0.00017056
5	5787	0.3519329386	0.00017056
5	5823	0.353044120763	0.00017056
5	5859	0.353426821712	0.00017056
5	5895	0.355551058909	0.00017056
5	5931	0.356085943285	0.00017056
5	5970	0.358589855068	0.00017056
5	6006	0.358771935068	0.00017056
5	6039	0.358954015068	0.00017056
5	6076	0.360079737444	0.00017056
6	61	0.0001936	0
6	95	0.000966434505	0
6	131	0.001864994893	0
6	167	0.003120925651	0
6	203	0.004980529863	0
6	239	0.005903752994	0
6	275	0.00785529833	0
6	311	0.00864249947	0
6	348	0.05017056	0
6	384	0.050721608487	0
6	420	0.051698614913	0
6	456	0.052736774214	0
6	492	0.053221902378	0
6	528	0.053797421575	0
6	564	0.054150580714	0
6	603	0.056374105136	0
6	636	0.056556185136	0
6	672	0.059747402085	0
6	708	0.060065758226	0
6	744	0.060549360331	0
6	780	0.061198806679	0
6	816	0.062767702797	0
6	852	0.064439913997	0
6	888	0.06519258811	0
6	924	0.065846470677	0
6	960	0.06668590353	0
6	996	0.067184775539	0
6	1032	0.069783029625	0
6	1071	0.071591398889	0
6	1104	0.071773478889	0
6	1143	0.07207666224	0
6	1176	0.07225874224	0
6	1215	0.073212435774	0
6	1248	0.073394515774	0
6	1284	0.073692109499	0
6	1320	0.075479597162	0
6	1356	0.078629767091	0
6	1395	0.08013555135	0
6	1428	0.08031763135	0
6	1464	0.082327096462	0
6	1500	0.084367988678	0
6	1536	0.088213210547	0
6	1572	0.08885491972	0
6	1608	0.090460159277	0
6	1644	0.092074161352	0
6	1680	0.092693090812	0
6	1716	0.093428055233	0
6	1752	0.094944591207	0
6	1791	0.096080530149	0
6	1824	0.096262610149	0
6	1860	0.09748163226	0
6	1896	0.098503064134	0
6	1935	0.099375385329	0
6	1968	0.099557465329	0
6	2005	0.15017056	0
6	2041	0.153064980478	0
6	2077	0.154486345158	0
6	2116	0.15522417245	0
6	2149	0.15540625245	0
6	2185	0.155871684331	0
6	2221	0.156513379033	0
6	2257	0.156820659385	0
6	2293	0.157026862667	0
6	2329	0.158515117493	0
6	2365	0.159850407678	0
6	2401	0.160459490101	0
6	2437	0.160703538592	0
6	2482	0.161543873298	0
6	2512	0.161780439894	0
6	2545	0.161890199894	0
6	2581	0.162099890705	0
6	2620	0.163061271644	0
6	2653	0.163243351644	0
6	2689	0.16417040481	0
6	2725	0.164421846742	0
6	2761	0.165381394719	0
6	2797	0.165869951768	0
6	2833	0.168747866789	0
6	2869	0.171076780163	0
6	2905	0.172221919118	0
6	2941	0.172819665195	0
6	2977	0.17326518369	0
6	3013	0.174214678273	0
6	3049	0.17478921068	0
6	3085	0.177115561742	0
6	3130	0.178311669541	0
6	3160	0.178550666057	0
6	3193	0.178660426057	0
6	3229	0.181978559741	0
6	3265	0.183077472209	0
6	3301	0.18413630634	0
6	3337	0.185246903786	0
6	3373	0.185434329852	0
6	3409	0.185670536558	0
6	3448	0.186113940587	0
6	3481	0.186296020587	0
6	3517	0.187641011965	0
6	3553	0.188019973929	0
6	3589	0.188956035489	0
6	3625	0.189408137549	0
6	3661	0.189801250106	0
6	3700	0.1906456779	0
6	3733	0.1908277579	0
6	3769	0.191262185367	0
6	3805	0.192268056372	0
6	3841	0.196722553218	0
6	3880	0.19991549986	0
6	3913	0.20009757986	0
6	3949	0.201080961381	0
6	3985	0.2013152629	0
6	4021	0.202323282145	0
6	4057	0.202505362145	0
6	4093	0.20785929604	0
6	4129	0.208918038755	0
6	4165	0.209789954609	0
6	4202	0.210082035142	0
6	4238	0.25017056	0
6	4274	0.250798501581	0
6	4310	0.251442282583	0
6	4346	0.251722559591	0
6	4382	0.252699423665	0
6	4418	0.252881503665	0
6	4457	0.253285052351	0
6	4490	0.253467132351	0
6	4526	0.254525176063	0
6	4562	0.25559324826	0
6	4601	0.255974804103	0
6	4634	0.256156884103	0
6	4670	0.257630151705	0
6	4706	0.257849032302	0
6	4742	0.260836222194	0
6	4778	0.261296236152	0
6	4814	0.262382505533	0
6	4859	0.264102837191	0
6	4889	0.264290966651	0
6	4922	0.264400726651	0
6	4958	0.265193748585	0
6	4994	0.267013567504	0
6	5033	0.26813338187	0
6	5066	0.26831546187	0
6	5102	0.271808005017	0
6	5138	0.275557036477	0
6	5174	0.277662357778	0
6	5210	0.278294694374	0
6	5246	0.279007277967	0
6	5285	0.282769205252	0
6	5318	0.282951285252	0
6	5354	0.283755010675	0
6	5390	0.284354957562	0
6	5435	0.285699202834	0
6	5465	0.285857762834	0
6	5498	0.285967522834	0
6	5534	0.28634224765	0
6	5570	0.286674657891	0
6	5610	0.35017056	0
6	5643	0.35035264	0
6	5679	0.350744036227	0
6	5715	0.351095212316	0
6	5754	0.3517508586	0
6	5787	0.3519329386	0
6	5823	0.353044120763	0
6	5859	0.353426821712	0
6	5895	0.355551058909	0
6	5931	0.356085943285	0
6	5970	0.358589855068	0
6	6006	0.358771935068	0
6	6039	0.358954015068	0
6	6076	0.360079737444	0

